% vector of translation

q_home=[-1.9494;-0.0347;-1.1961;-1.0551;0.0367; -2.0500; 1.5847];

v_translation=[0.2140, 0.4408, 0.5854;
               0.2214, 0.5998, 0.5559;
              -0.1430, 0.5261, 0.5557;
              -0.1065 0.6329 0.6743
              0.5925, 0.4031, 0.5548;];

v_orientation=[pi, 0, -pi/2;
               pi, 0,     0;
               pi, 0,     0;
               pi, 0,     0;
               pi, 0,     0;];

v_bin=["green";"green";"blue";"blue";"green"];

% 
% v_translation=[0.2, 0.4031, 0.5548;
%              0.4, 0.4408, 0.5854;
%              0.6, 0.5998, 0.5559;
%              0.8, 0.5261, 0.5557;
%              1 0.2329 0.6743;];
% 
%  
% v_orientation=[1.1*pi, 0, -pi/2;
%                pi, 0,     0;
%                0.95*pi, 0,     0;
%                0.9*pi, 0,     0;
%                0.85*pi, 0,     0;];            
