% vector of translation
v_translation=[0.5925, 0.4031, 0.5548;
             0.2140, 0.4408, 0.5854;
             0.2214, 0.5998, 0.5559;
             -0.1430, 0.5261, 0.5557;
            -0.1065 0.6329 0.6743;];

v_orientation=[pi, 0, -pi/2;
               pi, 0,     0;
               pi, 0,     0;
               pi, 0,     0;
               pi, 0,     0;];

v_bin=["green";"green";"blue";"blue";"green"];
